1369
1287
1682
512
1283
1271
2787
2796
895
924
1368
1887
994
1007
330
335
7
75
136
265
147
2630
1157
1197
1699
1116
148
478
1167
571
1238
1330
1275
1258
1106
1103
1240
2294
224
103
78
232
255
470
467
463
451
1123
2913
744
2711
1130
209
1
241
116
2887
843
729
2117
17
31
1033
528
905
1766
1513
262
491
154
12
829
1427
340
216
94
1358
331
334
2285
2281
1378
747
719
84
82
1152
1146
210
220
745
716
41
1664
1158
646
214
988
39
1199
1439
1502
1223
746
714
2528
2720
2337
856
324
336
1117
1121
71
1169
238
76
421
163
138
1737
305
279
830
123
447
1672
1060
2284
1024
2856
698
2262
2251
2673
57
1465
2084
842
2071
448
51
1963
561
2708
1288
1263
1071
1080
1639
1617
2529
2714
712
27
509
832
1431
2334
896
1233
1023
708
2917
2516
1035
1039
765
249
23
657
1061
2642
594
1514
1272
257
1237
1064
1959
1961
2697
1671
2079
2083
1667
2701
2857
697
1665
599
215
144
2773
2820
2526
2728
101
2850
1637
1029
2666
1370
1284
995
1006
2527
2722
16
952
286
2089
135
1653
1650
179
1962
96
588
557
653
173
98
53
61
695
8
713
702
1088
847
1386
2957
34
85
2087
1860
1401
1118
450
5
26
1610
598
2700
118
1362
1276
1257
356
685
608
81
122
1004
2554
2565
258
1031
15
35
50
524
921
1394
1985
1984
495
1182
104
174
1239
1501
312
1390
1518
1379
1507
523
526
46
2635
591
43
1213
709
705
1385
1002
425
80
776
534
937
2822
1821
1463
1159
1196
1156
326
1736
1987
1804
1041
2702
1128
2888
339
77
204
2719
3
999
828
2973
11
18
1911
2167
38
1357
2654
1683
849
749
325
1638
704
1387
1861
958
964
1657
1001
333
133
1256
433
986
2073
1232
1221
346
1655
1681
1028
2738
83
2118
2124
256
483
1286
2823
2821
535
929
2964
844
338
213
544
1338
222
1165
553
938
45
100
2562
2572
125
2213
2210
1692
1680
2119
930
560
2146
156
2259
2746
2763
2629
1807
1389
703
2116
2415
252
259
2829
559
416
757
47
502
1640
935
775
868
2110
1568
997
1000
1270
1229
74
422
1810
2474
1510
1145
233
906
912
2207
2218
66
1355
2902
1472
2867
439
733
28
79
1684
153
1496
428
1375
1367
2634
432
1721
1717
996
1025
1412
2967
2858
701
160
1986
1786
2724
2788
1274
36
1074
2780
2799
2873
1451
2975
1114
1155
1194
592
444
2126
1269
203
1206
1210
545
542
461
743
1281
130
2109
2775
2813
1005
1331
1335
435
2693
1691
2072
472
1611
228
2686
426
1140
2503
1220
1393
734
748
1348
1603
1690
1148
2715
1497
1265
728
2086
1333
1397
73
764
1164
570
1003
1198
690
97
230
264
890
911
1794
2712
49
619
650
337
1516
424
2684
2357
1129
976
978
2653
1277
2464
1279
501
2417
2421
846
1273
2416
2427
511
2356
2361
231
1414
1217
1205
1208
1195
1440
2537
1836
1844
1760
1764
1120
822
827
1882
1643
500
508
254
991
237
1809
923
2974
1268
521
2784
2792
30
284
2832
2748
2752
1853
413
44
1800
1388
638
313
2868
694
24
48
2319
486
217
52
56
442
871
1561
1698
1081
95
2727
1679
1231
2776
1359
343
654
2665
2115
2729
236
2966
430
412
1642
452
2782
2785
1697
1353
1796
1062
852
1030
1042
506
2745
2765
1163
218
2894
2065
212
1341
234
1888
656
2363
2387
1437
2726
1264
60
1329
2716
1086
767
2100
55
562
2447
21
710
892
1059
1466
1407
563
1019
1149
134
226
3005
2998
99
641
643
476
59
2958
121
1209
722
2761
480
471
58
726
1630
696
1400
1101
975
742
158
2790
1047
2114
1392
1398
499
1201
1713
239
1168
2441
2438
1618
2795
922
2362
2372
2866
2228
699
107
700
718
723
2723
1441
1097
1057
353
72
1227
1808
2465
1983
1261
925
1102
600
498
3009
538
311
1656
2
466
706
1181
327
2807
1806
329
1799
961
720
223
1759
1545
1977
1979
1428
2106
1150
1124
907
1795
1572
1577
13
771
321
1469
1632
2570
454
610
1334
595
137
465
1135
1034
2806
1779
609
221
2921
328
933
33
2685
2854
1449
2862
732
341
520
1622
1119
603
1666
2367
2699
141
766
555
2569
2643
2861
919
831
1151
1180
155
1110
309
1670
1574
739
751
2561
605
1139
1143
959
543
1204
462
2574
253
437
475
2224
282
891
1285
1475
1492
909
1255
541
2579
2582
420
29
132
845
405
1072
2631
1289
850
2446
652
1403
1420
2915
1563
143
727
910
288
2234
927
918
1063
497
1761
2107
774
159
2751
2756
287
1484
1266
2786
711
2758
575
164
980
67
522
414
770
920
1147
1043
1184
527
2360
1411
848
2403
503
2158
431
1318
1321
2394
411
1298
2564
614
663
1325
1316
1734
2581
1228
1200
1462
1089
917
833
240
808
2718
354
1090
1676
875
1018
1076
1278
717
969
2430
3003
806
2355
2681
691
115
1234
229
2707
2706
88
1087
2842
2560
1085
989
987
1560
2506
1701
601
20
2781
693
1866
37
1183
1050
1267
2804
1674
1515
565
14
736
1659
2793
86
593
1225
1153
438
1241
606
932
1290
280
655
572
1519
1562
1262
1751
539
106
801
951
449
2052
2056
1395
939
2855
962
834
1040
1236
2848
441
290
1360
2088
299
1649
1219
730
731
2809
1805
65
2963
202
1044
1571
1579
112
2316
2324
162
485
578
166
25
1280
1744
2155
2125
688
1426
1762
2130
1224
468
835
1675
436
2750
301
2220
2205
2123
1842
1832
2757
2317
2090
1873
266
1079
487
2359
2128
1703
2339
418
22
1978
2573
310
1535
1540
1026
306
278
129
768
1429
1248
2502
474
2318
1660
1235
300
225
168
2959
1185
965
285
2540
1576
2810
1096
2941
2944
1134
626
628
985
2753
1115
127
1566
1658
32
2754
445
1486
1048
102
782
789
1788
519
1567
1242
904
874
1098
552
963
689
1792
915
1254
973
2501
2075
6
4
1073
1383
1391
1399
1160
1170
2313
2312
1015
1014
590
1154
1344
1758
1757
1166
1161
2426
2507
568
1162
558
2672
2670
175
1373
2030
2029
181
177
1958
1957
1382
1753
2563
1740
1894
2470
2532
440
2601
2602
1252
1470
2327
2108
2473
2469
423
604
1226
2771
2770
857
2889
1099
1108
2997
178
2533
2460
1471
1408
446
180
1107
2314
2595
2596
9
409
456
597
1869
2828
2827
2338
1377
1376
1364
357
2031
1972
2518
2499
2768
2767
2159
1754
2377
2375
2420
2315
2815
2816
2283
176
344
2551
1187
1192
1171
869
1547
303
2774
943
942
1424
897
1570
2552
2777
1490
1488
2543
2544
2871
2870
984
2872
2869
455
2577
151
149
1384
1543
1756
1964
1968
2424
1743
1939
1937
2553
2040
2039
283
1982
2231
1837
1689
2669
2675
1374
1468
1634
1138
2517
2085
1755
1969
2280
295
294
1580
1093
1092
42
2481
1696
139
1402
1565
957
956
1109
944
289
417
2611
275
276
879
880
1767
1534
189
184
2457
293
3006
2996
2407
2406
40
1459
1457
1564
2603
10
1914
1917
2860
2674
1943
1944
1867
2471
881
150
323
114
113
492
2835
2836
2020
2021
2046
2376
2379
993
3004
2378
1458
2769
1480
1432
1678
268
270
2834
274
898
1942
2576
2578
1476
2032
1712
2608
2607
2567
165
941
152
504
1991
2019
1070
1550
1551
1554
1555
1719
2671
1460
826
2597
2397
2398
2211
205
2050
1728
347
1971
2472
1975
1966
1511
2241
2396
1436
1538
2826
1141
1447
903
1175
1174
1627
2655
2043
2042
1177
761
692
1625
269
1529
1525
1955
1953
2484
1489
493
3010
2989
1512
109
110
244
291
1178
2230
992
2409
2568
227
1934
2185
813
169
1342
124
2801
2802
186
182
2023
2022
1663
87
529
967
1749
2825
2677
640
580
459
1993
1994
1296
1784
1533
242
2811
320
1324
90
318
618
2930
2931
443
1311
2747
1700
889
888
1903
2343
366
1733
1945
1946
1371
277
2494
2520
2408
1702
317
2038
1645
1646
251
1191
613
2522
1433
1249
1188
968
1133
2932
1346
2523
2249
2253
2605
2606
2260
2252
2348
2350
2309
859
298
949
950
947
946
1714
367
576
2349
1456
1819
2749
1595
1243
1078
2304
2305
2024
2219
2448
1142
1765
1763
434
2636
1506
2236
2235
2099
54
1430
387
786
853
855
675
674
1434
2101
247
740
1614
2436
401
777
219
759
841
1549
1775
851
860
2929
410
131
2999
170
145
630
629
2058
1631
2442
2081
2755
741
531
1366
1450
1253
19
1380
1747
1520
998
1327
1222
2188
2190
607
2696
473
1066
1925
1926
1628
2549
2311
2737
2340
1193
1202
1416
1723
2405
2961
2960
899
589
556
517
146
469
1054
2937
2939
393
796
1186
682
1467
2172
2171
966
402
659
369
390
332
2614
2896
120
1504
1898
1927
1928
1337
2062
1644
1601
2267
2154
1706
894
2839
735
887
596
1883
1372
273
319
2721
762
2144
245
1705
1381
207
540
928
1077
634
633
1851
1852
272
302
2487
2488
1214
2651
1669
396
884
525
1216
250
681
427
1179
1965
1850
825
2587
2393
397
400
2345
1909
2216
1956
260
1542
1438
1340
2762
627
2051
2047
902
972
680
836
1508
1872
758
93
2358
625
2310
1038
2112
3002
715
1802
111
981
1768
1532
1230
2142
537
755
974
683
1828
1827
2840
208
738
2962
2077
2078
355
281
2995
1365
1877
787
1722
1843
2148
2166
1889
1890
867
1303
1302
840
2772
2837
2833
1091
971
1055
2511
661
660
322
70
171
385
1546
2969
2972
1132
2599
1868
350
2374
1793
3000
1448
1818
1069
2179
2180
105
1522
2440
838
2500
2392
737
1593
1899
2274
2341
1189
2191
2760
1569
117
1621
684
854
464
2632
569
1218
2272
363
773
1858
1855
1345
1641
1017
2147
2243
2248
725
785
2245
2255
1967
1976
673
1409
348
1299
2692
161
2926
960
494
489
2623
2153
1707
1037
89
352
2794
637
2347
1332
687
686
2594
304
587
2914
1418
246
2901
2449
1790
1791
1105
1425
1739
2736
1742
1891
1605
1606
1314
1326
267
2779
1349
2495
2938
1724
1725
518
2616
2615
1854
936
1319
1317
399
780
384
778
1304
1301
1294
1530
373
375
2074
948
2662
1916
1918
1539
1251
1815
1075
1777
1778
3001
64
62
2435
2625
2626
707
1295
2689
579
1282
1881
1190
820
2895
2261
1137
2331
1339
1453
1841
1612
2445
2971
2277
721
2137
1173
108
2550
2217
1833
1834
1648
1343
2113
1727
954
632
752
754
389
791
1474
484
839
391
395
821
2933
1410
1505
1104
2143
2270
248
564
2778
2082
2661
2922
1065
2586
1444
2299
200
2694
2783
1838
1839
2824
453
2225
2226
1901
1328
1247
2221
2713
2548
769
2120
584
583
2524
799
1127
865
1583
1885
1435
2486
2558
2452
1981
69
803
2538
2539
183
365
2978
408
2161
1830
990
908
2593
2814
1356
2542
1607
193
2663
2659
2924
2057
1320
358
2622
858
2831
2808
1729
1582
1884
1056
1464
1820
1396
1859
371
602
1495
864
2903
1244
2874
1032
1523
1870
2947
2948
1847
1848
379
381
2687
2688
2742
2734
1919
624
1620
2798
2942
1537
2189
2803
931
940
1575
623
374
1531
955
760
342
1774
2927
292
2982
1084
882
2432
2431
772
945
2690
2271
2059
2691
753
2791
671
670
2443
2102
2103
1598
2268
1831
866
792
2132
1445
2279
1997
1996
2263
2264
2604
2027
2026
2609
2940
2237
2203
2202
2423
1886
1585
63
2946
2994
2985
1935
1865
1864
1816
349
380
2004
2003
1752
1452
2498
1363
620
621
2055
982
2258
2257
458
2194
2193
2250
1016
2000
1999
1548
1552
2936
2196
2195
364
271
783
1455
819
818
1309
1352
2418
2010
2009
788
386
1246
1782
2018
2017
507
658
2151
126
2510
2897
2717
2008
2197
2045
1207
1013
2483
2482
392
1922
1921
2012
2011
1915
2515
1960
1863
1862
1553
2534
1948
1949
2014
2013
2437
1494
2458
370
368
2173
2174
2239
1908
1907
2131
1913
2986
1716
1487
2041
1536
2695
1874
1741
479
1419
1300
2186
2244
2246
2885
1405
2256
1950
2269
1596
1904
2899
2215
2223
2016
2987
1613
2007
615
616
398
1731
1306
1308
1604
2953
2935
1905
1322
1323
2033
1940
68
2950
376
372
1748
1720
187
1893
1587
2680
2679
2184
1783
1781
394
793
2949
1245
779
505
2725
1478
2265
2740
2063
345
811
1845
1846
1578
2208
2206
2183
2037
2450
2198
2067
2066
1947
1609
678
2015
2028
1517
2451
635
636
1704
2254
1422
1998
1835
2002
2990
2878
2369
2530
2880
2177
2176
2139
724
631
361
1785
1780
1938
1929
1990
1527
2222
666
667
870
2136
1260
3007
574
1906
1952
611
2984
243
582
2463
1924
1923
1920
1912
1499
2307
900
901
2934
2266
1992
1067
1951
2800
2951
2001
2201
2182
2181
307
308
2291
1413
816
781
2178
1936
2006
2192
2467
1557
1312
1291
2127
2954
2214
1726
2044
2163
2165
2928
1406
2480
2168
2169
1910
2209
1897
1896
2584
378
1931
795
916
382
810
807
2140
2489
1932
1933
2160
1615
1973
515
2419
2923
2664
2658
1313
2069
2301
1215
669
1930
953
2598
815
2212
2025
877
2138
360
1746
2187
1559
2048
645
1654
1771
1770
665
362
315
2454
2588
2589
2054
533
2992
482
1636
2476
513
2439
837
2292
2668
1616
2164
1021
1315
235
1892
1776
2846
2893
2892
823
824
2382
1677
197
1900
1668
1589
477
551
198
2365
2053
2838
2366
2461
2575
119
2275
2638
1635
2399
893
2325
1584
2660
2648
2049
926
2459
2918
2278
2080
1941
1544
314
1599
2865
1524
192
2240
1305
1988
157
1573
2289
2916
861
1651
2035
2876
2092
642
190
188
1954
2290
2624
2477
2731
2652
2462
530
2133
406
1477
2547
2149
407
2352
2229
1307
763
1526
1556
1136
2364
2541
546
1481
2368
756
577
2381
1813
548
2227
809
191
2657
2633
532
2308
2945
2247
1417
429
2233
1493
1798
488
2645
140
1058
977
2344
2830
2843
206
2296
2618
1856
1693
199
2910
2965
1823
2676
2303
2094
2371
1801
1626
1623
2882
2384
2287
2091
1297
2505
2580
876
2627
1814
1354
2703
2422
1046
536
2320
1772
2886
1822
1591
668
2414
1350
2545
567
2141
2733
1443
2859
1095
2332
2879
2096
2710
676
2536
196
2591
1446
1594
2911
2912
1020
297
983
1711
1824
419
2970
2988
1633
1053
2282
1008
2863
2557
804
2513
2514
1876
377
1503
2805
878
2620
2076
2288
1144
2590
662
2512
644
2841
1875
1011
2402
2391
2390
1895
1100
934
2817
1176
1009
2485
2641
2295
2656
2111
2521
1351
2621
1715
1094
1203
2413
351
1687
2851
550
2983
1500
1211
1212
2098
2455
2571
2354
194
1259
1829
3008
2555
1902
814
784
2508
1336
2845
1404
617
2704
2559
1602
2647
2323
167
388
2644
2242
1695
2095
514
1588
2818
92
2907
2411
2093
2891
490
2330
2852
790
2105
2453
1310
2908
566
2678
1454
863
1590
2920
2400
805
2881
2064
2612
2496
2412
1052
1608
2905
1989
510
1688
1421
1600
979
1111
2404
2766
1745
2150
2637
1840
2297
1022
549
2479
1592
2619
1045
1970
2909
2346
1789
1673
1662
2121
185
1172
1361
2864
404
516
2300
800
2157
1509
1415
2639
2389
1036
1811
1686
1730
2036
2585
2646
1461
2129
2977
2388
2478
91
1293
403
481
2353
1817
1521
1880
1652
2955
1012
1709
2744
2104
2336
2475
639
2425
457
2556
2302
1718
794
1558
2070
2519
1750
2034
547
2373
2735
2617
2097
2535
2649
2650
2333
2061
1347
672
873
1423
1131
885
651
2152
2819
1027
1528
2566
2743
886
798
460
2531
2342
1787
914
2306
2919
2434
677
1647
586
2600
554
872
622
581
263
1974
1068
2429
2592
1479
2135
2610
2764
2583
1049
2812
316
1485
2991
496
2509
172
1498
812
2321
1482
296
383
2981
883
1803
1849
647
2466
649
2943
2170
2005
2613
1735
1292
2175
1483
2980
612
2952
1995
648
2468
2433
2546
2232
2156
2525
1491
750
585
679
1871
2976
2759
2322
2741
2877
1581
1732
2709
261
2329
1685
664
1051
1629
2497
142
913
2298
2286
1126
2883
2380
195
1122
1708
2979
573
2351
1619
1797
1083
2900
2385
201
2370
1769
2898
2698
2410
2238
2122
1980
2847
1250
2444
2844
1541
2293
1624
2853
2789
1112
2273
1113
2667
2730
2401
2456
2491
1473
1738
2890
1010
1082
2490
2328
1812
2335
2797
862
2162
2875
1878
1442
2134
2383
2732
2904
2145
2492
817
2276
